31
1000
184
103
179
10
152
208
27
183
203
198
144
145
170
20
166
129
188
99
171
160
189
150
87
42
127
162
199
184
111
155
86
39
78
34
41
167
170
147
157
150
25
98
200
146
154
197
184
165
88
45
164
114
59
134
93
159
132
118
72
155
61
50
99
102
171
28
105
104
146
41
60
177
43
206
94
200
188
139
12
128
92
72
136
164
161
172
25
34
104
124
201
181
57
16
27
173
108
193
182
18
11
23
171
70
206
111
119
88
69
58
173
156
54
176
11
199
171
35
31
185
143
97
207
147
149
169
202
16
20
206
85
88
11
153
182
72
189
72
63
141
65
125
191
166
50
162
83
194
117
32
84
102
116
111
109
121
134
160
12
139
64
46
154
191
109
67
73
186
85
134
25
92
45
193
174
139
138
65
130
46
19
192
27
111
115
20
144
98
88
122
189
114
59
109
136
147
108
88
208
186
129
156
130
152
34
162
207
149
181
162
141
170
153
164
127
191
105
172
180
59
31
43
66
153
10
16
44
39
165
157
167
58
85
22
125
30
95
188
12
154
180
176
151
176
75
11
102
177
41
25
12
159
71
79
189
28
79
90
186
136
92
54
11
176
158
40
95
73
39
75
115
205
189
38
117
36
132
111
123
195
47
137
149
138
11
137
52
199
89
135
45
153
117
159
190
159
183
86
116
118
134
90
47
193
12
195
67
171
82
190
35
72
112
80
131
161
153
102
114
39
129
187
50
38
60
108
174
163
181
141
160
105
207
38
180
12
28
192
196
32
167
186
96
28
24
32
49
104
156
146
75
166
197
203
101
61
61
16
22
151
43
208
102
189
72
203
166
121
41
147
165
176
49
23
152
82
41
103
28
114
79
97
107
121
81
90
57
79
60
120
130
209
182
28
123
86
203
125
201
131
72
71
65
39
170
35
101
176
202
40
64
188
15
167
39
52
32
156
163
155
197
72
31
132
112
195
66
209
142
71
194
56
60
177
174
184
159
176
77
25
12
95
144
169
169
143
137
203
142
165
175
138
203
52
47
188
104
43
88
82
163
103
155
179
113
107
134
175
52
107
203
81
181
193
209
134
39
22
191
43
88
106
112
123
172
199
112
141
143
40
65
196
135
87
106
120
20
179
21
49
77
160
204
28
121
17
79
135
14
112
204
150
49
158
27
200
154
39
141
27
43
156
137
91
78
44
90
138
208
12
80
74
70
107
74
182
106
115
53
78
146
185
92
169
29
86
140
77
203
190
66
82
56
149
75
52
196
57
15
87
10
107
11
157
91
135
114
27
199
51
168
18
95
37
67
137
113
28
46
191
177
80
131
94
209
62
12
99
109
52
93
178
85
27
10
143
184
26
153
111
129
174
148
133
169
103
189
176
17
158
142
25
97
163
44
195
178
123
15
203
77
143
161
119
198
72
112
155
88
166
122
174
30
63
100
67
155
92
119
52
79
31
55
200
31
113
33
181
24
97
65
209
87
151
109
66
32
46
10
70
81
23
17
124
202
162
149
201
19
48
67
55
97
36
175
184
95
128
71
112
198
163
22
16
17
192
71
183
191
34
196
203
77
83
122
61
159
180
34
91
35
103
151
111
99
144
103
52
109
82
97
56
128
181
161
29
157
181
138
170
120
103
89
167
113
196
57
109
68
176
81
84
193
156
142
174
112
79
78
104
117
163
59
153
123
68
87
155
129
203
26
55
206
81
102
85
194
127
203
57
66
26
124
16
127
36
140
130
164
197
166
138
155
113
105
24
155
195
60
79
199
15
75
202
166
52
118
138
98
64
82
195
119
158
143
165
66
147
182
101
52
23
108
171
130
14
143
151
154
182
11
181
132
90
194
127
98
29
118
17
30
43
132
96
63
177
15
188
183
37
94
205
107
40
11
121
64
127
49
51
191
193
33
192
60
123
185
186
89
191
178
151
18
75
76
92
173
158
80
195
128
157
26
53
102
204
177
152
79
144
140
128
171
153
74
172
75
60
174
24
61
142
101
96
138
126
38
148
189
25
158
14
42
153
164
168
208
199
127
195
148
45
106
155
100
120
81
198
181
27
164
35
42
15
133
39
209
174
110
18
147
207
180
208
136
27
50
92
21
174
116
71
12
193
49
46
133
205
51
10
150
114
47
192
124
101
91
136
117
152
161
179
28
59
207
62
64
40
111
44
18
12
202
63
89
105
180
54
91
97
172
67
114
85
187
187
40
108
54
192
137
63
89
116
12
193
10
27
197
99
183
147
202
37
190
192
48
121
79
208
