31
1000
75
104
12
54
20
55
48
182
96
85
165
82
204
66
174
21
141
151
172
74
164
11
176
138
77
38
160
68
113
205
203
26
60
155
88
187
33
57
111
187
25
58
51
84
82
149
127
94
164
199
126
162
207
132
151
167
184
122
85
39
82
50
52
162
65
164
79
189
34
31
95
78
167
154
174
118
47
193
114
19
81
87
132
153
104
100
56
37
66
171
143
30
59
107
177
48
31
32
38
174
37
85
115
115
167
72
170
61
149
123
73
111
105
18
149
178
101
182
176
63
153
45
45
187
112
19
180
120
194
73
73
132
93
72
95
47
204
10
122
22
114
94
90
207
31
78
155
145
33
158
138
154
198
67
162
164
174
142
51
77
173
204
196
153
94
51
136
134
51
147
44
164
88
94
72
71
32
62
148
74
104
169
90
154
199
123
161
68
79
25
170
196
157
13
107
59
195
51
153
52
151
39
114
155
109
144
200
98
16
133
18
106
77
131
60
58
144
96
183
31
160
143
164
25
101
16
169
53
138
163
14
28
149
33
137
63
196
95
149
141
50
200
41
75
158
94
141
23
20
117
24
169
85
68
140
39
34
89
19
19
174
111
115
99
193
126
173
140
32
192
83
116
154
196
103
155
166
144
160
117
72
111
23
71
58
37
121
171
47
35
173
34
115
100
61
124
134
123
25
199
151
38
126
90
165
203
86
37
161
125
153
135
199
139
170
187
115
45
180
200
73
140
51
84
29
109
151
164
96
58
122
67
180
150
147
12
207
122
155
157
107
208
109
194
62
139
147
43
69
201
99
76
83
47
16
103
40
47
205
79
13
88
140
51
11
138
125
94
195
37
146
167
144
85
151
114
32
188
95
130
114
164
185
137
170
79
130
101
152
93
83
209
54
89
163
173
184
129
72
67
141
80
87
16
84
65
115
122
138
90
130
164
23
171
82
171
65
177
147
116
65
196
134
77
193
73
99
12
118
140
153
16
139
167
149
146
75
183
14
79
16
81
15
45
161
57
115
127
21
186
15
63
103
63
105
160
106
116
135
21
187
18
154
144
110
117
170
131
201
68
66
205
101
21
139
161
82
122
23
153
194
108
196
11
110
98
65
101
100
54
132
194
122
20
81
81
116
128
40
14
18
123
101
15
85
57
59
157
136
83
162
149
83
60
20
186
90
194
96
17
156
26
118
17
15
56
186
148
145
26
147
127
106
208
163
26
45
123
176
140
85
119
169
38
124
30
205
26
159
58
156
64
109
62
73
20
54
185
103
184
104
193
49
82
149
208
166
177
41
86
57
209
111
106
174
57
146
102
121
149
169
158
97
197
68
44
65
49
11
12
78
167
150
87
20
75
119
118
100
90
60
205
120
10
176
57
40
25
209
183
44
73
12
43
201
85
132
18
169
203
138
196
139
198
207
81
177
134
148
87
200
78
154
93
59
123
38
128
48
52
76
135
100
57
164
76
202
116
66
194
30
38
95
46
64
48
77
11
76
200
64
174
207
180
24
115
204
126
123
137
187
195
24
25
171
25
61
62
79
157
90
25
92
79
182
149
19
43
63
97
89
116
40
71
139
182
114
49
199
176
181
27
182
173
208
208
190
46
92
116
172
117
190
139
135
104
28
117
151
16
47
151
195
22
30
119
162
137
187
140
186
190
119
143
141
140
88
154
65
10
11
147
62
152
69
188
34
191
59
123
168
22
193
17
120
18
207
154
119
57
72
72
135
179
60
83
98
93
110
193
40
179
39
14
48
73
81
112
202
31
176
58
187
135
34
27
114
148
88
194
207
201
76
161
43
74
178
27
139
179
179
202
206
28
85
153
86
53
158
19
131
204
87
79
107
24
38
137
150
24
163
13
13
94
44
178
186
177
68
193
59
43
110
169
184
121
71
97
28
88
65
121
17
18
68
117
148
28
184
62
199
139
109
191
141
147
163
113
120
92
166
19
110
73
57
138
106
118
171
177
47
45
46
37
40
21
76
136
10
80
68
104
131
184
27
203
163
189
102
129
200
13
91
101
73
72
24
145
128
159
195
94
114
25
56
165
179
122
81
205
26
40
64
129
36
11
119
53
52
64
89
181
48
138
113
146
174
110
112
26
190
153
196
171
41
64
124
155
135
19
176
151
95
87
109
86
183
184
87
26
35
87
86
138
26
141
195
103
36
60
20
209
47
62
179
68
161
85
61
13
128
118
118
59
141
19
97
116
135
43
141
197
36
167
12
85
122
148
21
150
148
49
169
49
160
28
59
134
133
109
