22
500
51
137
47
39
38
88
70
152
122
154
32
73
148
85
207
135
87
74
32
86
183
81
124
54
81
113
148
164
87
24
45
57
152
109
193
171
163
151
93
118
107
161
34
183
46
14
26
85
40
171
172
172
142
189
131
87
12
175
144
129
159
127
152
177
158
150
73
176
11
115
78
207
96
44
153
58
181
208
128
179
109
115
192
180
144
110
198
205
172
114
117
158
76
97
137
201
195
146
58
96
105
79
100
110
28
196
123
181
178
198
148
99
147
198
31
25
171
161
153
139
85
189
141
77
75
42
202
63
153
146
32
79
82
182
156
208
115
71
203
124
155
70
196
67
164
120
93
16
147
122
143
196
98
61
198
66
192
45
168
158
94
172
160
163
10
150
98
71
128
48
206
21
124
34
162
118
125
79
207
149
123
197
14
126
177
37
59
34
93
144
71
194
197
123
100
70
52
65
66
193
17
196
111
114
104
40
66
209
98
172
112
67
88
150
64
141
69
73
113
25
25
85
147
24
89
172
50
140
20
68
111
128
105
166
146
63
172
50
146
46
191
85
124
135
165
112
50
59
98
38
138
195
166
130
24
18
32
194
70
202
79
60
199
66
92
179
19
74
163
110
148
203
105
69
152
189
31
49
119
149
172
151
156
115
201
25
145
134
117
17
59
60
129
139
180
26
94
70
47
205
26
70
38
90
178
113
127
144
17
123
93
80
127
137
91
206
93
151
147
207
36
54
28
174
93
150
75
61
179
163
40
140
28
151
57
193
135
12
85
181
144
76
14
191
95
23
41
31
182
64
114
161
113
21
184
11
39
209
167
189
207
191
149
124
142
85
92
195
53
107
174
39
135
62
167
102
32
78
92
131
129
168
57
128
31
16
16
192
157
87
78
159
206
117
47
185
156
172
194
52
142
152
199
140
203
86
44
161
142
56
103
70
82
35
54
128
20
53
154
97
200
182
154
16
140
50
188
119
113
16
110
145
71
82
99
22
128
209
41
60
165
188
102
163
100
53
51
189
99
48
33
169
110
185
160
99
197
177
143
121
153
92
173
148
69
154
118
41
201
193
153
107
177
67
166
175
188
81
205
188
80
108
145
93
43
43
52
60
85
142
164
92
169
46
83
35
130
15
188
50
