22
500
108
121
16
92
185
34
19
104
147
170
86
131
199
191
182
58
150
16
20
205
201
208
132
37
46
64
195
78
119
207
124
56
165
117
32
48
121
197
88
147
90
33
128
138
208
135
41
40
140
56
11
185
146
161
30
69
76
203
131
122
116
54
148
200
85
178
124
173
119
77
52
97
125
57
91
131
61
29
81
26
11
187
97
33
66
138
153
170
136
74
151
107
85
180
177
93
80
148
177
17
86
63
36
13
96
134
77
148
128
85
82
124
47
101
50
129
102
53
10
31
103
160
179
100
119
87
114
140
98
79
60
54
83
117
107
156
23
174
65
144
133
140
56
33
172
26
27
13
120
24
21
192
19
138
164
43
148
187
169
96
143
127
167
58
81
37
150
17
166
180
43
99
112
101
134
94
198
189
63
121
87
110
189
155
17
76
117
155
27
10
59
70
43
71
208
207
20
123
137
41
152
19
71
88
38
108
96
38
136
28
138
121
52
116
143
121
149
153
121
176
149
90
180
146
49
148
26
139
185
177
199
40
171
64
138
13
146
101
132
142
72
57
24
137
125
196
143
136
155
191
46
109
88
206
63
207
31
98
161
89
75
109
173
152
185
102
70
133
121
37
52
129
160
209
205
101
94
124
16
132
175
192
160
80
160
82
41
73
143
93
194
68
79
42
78
184
31
179
145
28
54
151
12
60
198
55
38
82
170
119
191
120
132
201
169
124
96
27
149
61
63
128
159
34
160
156
176
18
105
113
126
22
150
39
58
42
188
209
61
26
101
34
71
49
104
21
150
29
116
60
152
39
121
177
102
142
35
80
101
27
107
85
17
134
100
82
112
160
55
161
168
58
148
56
14
67
118
98
52
39
41
177
78
146
114
74
74
196
171
145
41
166
73
59
54
50
108
19
154
33
59
92
82
63
130
205
126
128
137
154
150
102
162
167
202
90
182
207
79
136
20
163
129
31
47
207
202
61
43
190
77
50
116
181
23
195
83
109
139
111
30
58
16
102
195
105
138
124
129
46
137
157
171
67
25
131
161
100
119
19
124
71
189
110
166
74
83
115
44
21
42
98
114
182
134
163
153
51
103
124
79
162
116
81
203
44
85
78
43
24
115
80
156
203
94
122
37
197
162
196
