22
500
13
197
42
140
172
116
155
89
208
44
204
83
140
18
163
44
121
171
144
57
44
93
15
151
37
142
96
204
85
100
77
27
170
171
103
71
177
197
197
184
194
195
67
36
193
194
75
188
22
49
194
207
34
70
81
189
52
129
94
153
39
113
175
178
90
98
67
107
165
15
37
165
18
84
37
150
183
85
189
99
207
138
109
153
191
92
11
105
52
105
107
18
47
59
94
105
73
86
178
163
209
48
54
163
175
12
160
118
36
191
157
68
144
147
13
185
168
17
168
137
162
97
201
115
86
206
133
180
75
21
56
28
146
195
29
182
187
62
167
104
99
108
128
163
47
48
45
172
159
139
29
201
81
94
117
159
17
126
57
112
19
120
24
90
101
68
100
106
115
127
85
136
136
16
50
148
197
172
187
22
82
20
205
131
135
52
11
35
189
167
53
128
61
102
160
185
165
143
146
100
139
162
104
82
47
15
206
67
137
51
41
115
76
122
157
181
86
174
95
11
60
93
94
176
207
81
194
60
189
120
49
167
22
140
170
145
188
53
184
125
165
10
109
174
193
199
48
18
122
192
92
195
116
188
39
180
203
45
36
73
203
11
29
199
113
208
80
138
204
14
140
181
62
53
121
108
93
81
138
46
104
151
48
63
56
144
44
33
126
119
208
26
83
20
18
16
63
67
86
137
25
175
191
184
104
159
122
201
100
74
24
126
188
191
46
202
85
38
202
130
11
130
91
20
151
167
13
79
141
104
168
98
145
138
141
169
206
53
205
65
202
144
13
205
113
43
177
209
61
184
108
139
87
131
137
162
77
49
42
207
119
172
122
56
71
84
145
203
69
114
132
192
100
118
54
167
109
80
31
152
109
75
190
169
166
189
142
66
151
76
83
132
185
51
32
208
31
49
159
149
192
139
36
121
125
175
86
80
113
17
74
59
138
163
21
127
115
189
38
150
75
77
95
131
150
208
94
103
173
206
28
192
148
83
192
153
89
105
201
13
172
75
55
141
167
101
197
161
51
135
141
115
108
16
127
207
122
151
176
14
62
29
51
130
61
95
166
132
204
143
188
153
96
185
50
163
208
195
136
196
162
30
63
37
86
114
129
164
171
69
185
108
76
35
88
206
15
42
89
70
