22
500
179
18
200
98
166
85
139
104
110
23
106
111
29
39
39
188
64
103
12
26
185
116
126
23
103
196
27
176
92
120
184
29
66
185
73
47
43
119
125
110
117
172
188
111
70
102
73
195
89
188
150
179
92
48
89
174
133
114
105
181
17
46
36
134
121
36
137
164
114
149
156
64
79
93
44
153
189
60
125
30
107
150
74
132
44
18
99
164
50
80
62
147
56
107
101
149
28
71
204
12
23
188
78
178
202
24
91
78
184
74
88
154
170
18
99
35
43
31
105
147
152
209
141
153
83
149
103
119
165
182
71
139
69
32
85
31
186
55
167
76
72
135
86
155
139
21
141
116
69
202
38
207
53
40
171
32
143
165
54
160
33
77
30
134
161
116
166
28
89
136
124
30
20
116
19
109
104
66
141
42
120
56
88
86
180
83
75
182
183
201
182
60
13
144
52
104
47
92
118
101
69
134
124
136
22
32
114
84
199
52
142
81
134
188
50
186
105
141
154
197
208
101
203
174
44
139
181
101
50
45
55
46
56
148
102
79
83
77
209
187
203
177
172
53
195
43
55
105
88
41
67
148
30
196
208
43
194
154
158
25
31
27
174
91
16
160
51
77
207
191
19
103
24
131
84
26
125
209
53
53
46
13
42
60
44
163
147
48
139
105
34
121
66
25
199
159
96
45
17
104
61
27
43
28
42
176
97
173
174
129
22
18
181
148
20
43
15
109
94
94
43
52
29
136
142
172
45
175
44
135
196
100
178
141
71
150
165
179
136
105
154
135
55
198
67
74
188
100
115
159
47
28
134
96
140
50
176
167
86
95
81
106
71
84
105
32
105
121
158
104
36
75
78
48
157
163
195
203
199
139
35
108
152
28
201
191
122
100
36
135
29
131
137
106
150
140
119
200
198
16
79
34
202
157
198
88
50
30
161
147
159
53
52
105
86
148
63
110
84
120
205
127
189
118
186
154
150
72
120
106
162
104
78
199
100
93
118
10
139
187
209
166
147
133
114
185
101
205
76
106
53
204
40
76
148
110
54
192
186
60
32
66
65
197
126
10
137
110
129
203
195
158
104
112
197
103
176
17
49
46
60
165
202
148
169
58
28
21
171
135
142
53
114
67
175
146
91
175
114
69
