31
1000
122
88
185
135
154
136
84
76
146
71
162
208
87
17
65
87
57
143
34
160
41
37
146
74
42
19
199
52
68
22
126
71
83
147
193
145
110
135
102
113
115
14
50
18
200
126
182
79
13
63
47
145
126
201
81
96
76
162
78
163
194
203
63
45
36
173
149
191
148
37
130
28
15
66
57
148
84
87
124
208
21
89
155
71
94
166
90
44
74
152
140
125
60
125
156
143
35
180
138
27
23
174
98
103
112
159
184
194
175
112
79
152
83
194
186
110
61
120
186
123
176
89
157
188
151
17
64
178
99
124
131
73
116
70
107
127
44
137
189
143
11
36
165
42
53
61
110
138
200
179
76
98
66
42
174
28
191
99
96
16
23
24
180
94
22
65
112
105
134
166
179
88
151
81
136
66
102
174
29
182
75
11
206
124
108
198
34
67
191
71
48
63
133
124
18
70
90
107
134
88
33
175
206
129
69
145
110
29
50
82
179
14
41
51
66
205
106
146
22
139
132
153
51
154
72
68
64
117
28
199
130
80
163
170
170
45
121
114
17
141
76
13
74
32
79
145
205
73
40
81
44
192
41
181
103
61
68
101
106
174
119
19
118
189
143
34
156
65
184
134
77
120
130
97
24
62
80
143
187
52
26
16
58
111
19
63
86
140
29
91
60
62
151
193
206
115
152
108
63
89
94
19
160
136
151
117
72
76
89
115
64
194
53
209
20
140
77
91
165
155
134
129
11
16
201
198
16
183
36
139
112
128
174
163
52
35
207
90
174
16
77
135
63
192
203
27
12
187
180
101
199
103
53
91
114
153
89
47
70
60
158
67
201
43
52
123
118
140
102
38
103
28
137
152
61
33
41
191
32
143
91
160
98
154
29
38
13
197
130
134
69
117
170
49
112
78
37
95
122
167
168
52
166
164
104
178
86
200
35
124
35
125
175
49
16
186
138
173
177
96
120
144
25
128
147
33
169
124
13
19
188
65
161
73
175
46
199
105
206
147
54
35
33
121
195
93
134
194
176
188
200
197
153
169
110
112
47
149
166
170
143
90
167
172
85
80
30
35
41
105
136
150
36
98
119
126
188
118
80
102
131
64
65
208
174
197
183
162
161
147
93
107
112
122
209
102
184
94
184
122
139
38
202
19
187
76
72
25
166
201
82
130
103
60
181
135
133
55
185
112
149
39
201
53
51
182
20
194
110
30
80
69
113
108
206
87
117
118
208
157
148
186
15
27
24
21
74
172
202
77
96
152
135
44
166
26
181
97
84
92
203
76
130
17
62
30
49
159
80
75
108
48
122
101
36
51
50
198
10
52
192
170
16
180
59
190
57
62
113
89
183
80
51
21
115
170
102
26
62
46
14
136
126
91
141
182
101
176
49
116
12
34
60
17
12
34
197
74
133
62
68
200
103
10
114
196
158
155
78
50
91
40
141
16
148
37
97
113
118
45
162
178
73
195
42
159
42
181
57
115
62
22
129
179
17
135
164
174
79
41
82
92
90
41
103
31
18
104
113
10
154
174
47
28
47
131
124
185
132
130
115
70
16
34
37
110
33
65
62
86
90
31
133
138
176
189
170
170
106
41
138
124
159
95
13
119
41
29
105
81
191
51
39
102
184
133
75
109
131
54
138
193
100
187
36
145
25
97
184
204
58
139
151
197
135
165
184
150
147
126
91
52
182
13
209
199
49
204
152
108
114
97
197
113
152
150
202
93
144
39
111
185
141
84
60
167
103
26
141
189
66
138
126
158
15
45
70
54
152
194
176
199
92
158
59
21
106
55
116
10
83
85
90
142
208
189
63
47
194
140
102
57
65
204
111
43
60
190
80
190
119
188
166
90
131
209
193
54
79
104
141
132
12
94
196
15
150
93
161
202
182
109
184
142
28
65
106
63
178
100
84
52
68
14
62
201
140
151
41
10
113
14
146
79
56
14
35
183
99
78
137
74
109
35
152
183
56
173
122
182
125
27
150
131
170
91
21
55
178
194
65
197
103
20
54
110
26
113
66
130
139
101
209
132
140
146
192
176
199
99
195
35
16
191
67
119
158
56
71
162
179
24
195
138
50
32
206
63
24
196
45
156
27
61
85
116
63
84
174
61
79
48
202
156
169
109
61
101
34
201
71
52
113
28
20
45
152
27
69
52
180
89
152
130
77
43
74
150
73
46
44
67
108
72
155
99
106
79
169
56
116
74
170
50
17
146
185
155
20
20
200
59
171
62
143
80
200
43
43
45
144
85
160
190
96
126
185
53
184
51
