31
1000
168
160
53
102
188
201
37
138
140
52
102
91
178
69
29
156
132
73
68
14
167
47
13
46
202
26
189
52
173
60
186
165
61
157
203
62
165
89
43
129
25
199
89
12
82
125
158
204
121
97
52
209
178
187
48
187
175
206
148
194
149
29
204
35
23
122
122
150
142
89
144
196
34
156
170
22
111
128
157
65
150
188
200
174
207
25
197
70
208
189
108
98
53
114
205
32
172
76
71
89
83
15
202
24
96
46
190
117
181
136
78
111
71
149
108
17
17
175
81
11
106
20
81
153
31
71
97
32
126
158
79
173
104
174
85
184
170
114
40
149
121
179
107
171
159
25
171
141
142
40
87
71
24
174
135
35
177
24
45
136
17
44
20
140
162
121
28
184
106
203
150
202
117
147
186
56
91
83
107
32
73
103
188
181
151
175
106
171
13
81
157
75
131
43
123
10
99
166
147
37
165
190
51
135
15
46
31
122
63
144
15
124
119
122
163
193
115
188
13
158
33
94
35
14
86
79
80
189
113
96
46
129
151
39
179
113
26
127
101
198
86
60
162
62
130
60
40
119
175
49
86
152
88
179
45
67
14
91
159
15
167
35
130
203
99
153
33
20
18
145
88
119
165
106
73
106
112
73
136
84
160
201
23
181
175
189
199
16
185
28
28
54
25
147
195
180
134
104
154
180
12
138
85
161
160
70
49
187
83
77
70
67
138
161
14
161
88
70
100
105
17
13
90
67
132
203
196
130
43
105
99
164
130
61
191
72
122
61
108
71
33
35
23
72
120
164
117
119
209
99
72
120
34
43
111
173
162
153
185
88
79
16
94
50
138
30
186
49
64
139
183
64
77
209
70
168
159
79
169
172
116
48
32
11
121
161
174
55
25
104
23
42
150
80
104
112
31
96
187
159
157
163
14
179
99
186
15
110
19
86
70
164
71
10
47
181
162
68
122
36
20
116
209
36
99
61
101
163
133
25
189
206
119
194
77
131
152
122
143
54
111
203
200
147
37
35
193
186
129
208
128
17
119
145
139
91
60
100
113
46
128
84
181
107
24
139
160
118
198
69
121
20
32
109
147
45
130
144
203
87
65
31
101
130
38
99
186
138
26
17
112
111
140
53
134
104
188
82
90
206
147
47
129
69
161
110
27
45
179
174
152
119
207
56
115
146
29
198
153
70
60
47
198
136
141
48
85
171
152
21
209
160
138
20
124
68
144
66
67
168
186
199
37
118
47
21
39
159
80
150
141
105
12
163
70
94
160
57
133
32
128
173
15
192
23
152
94
77
199
150
33
178
149
177
45
201
148
162
173
11
124
31
57
129
71
88
118
69
16
92
122
153
88
49
194
177
190
128
90
29
74
182
104
110
63
70
69
74
195
92
49
107
140
14
74
81
88
131
136
152
121
101
209
60
27
98
52
113
195
206
108
103
38
21
99
154
12
196
64
71
135
15
174
123
195
77
35
126
124
127
42
204
183
96
197
132
110
119
26
178
67
23
193
31
47
103
71
32
168
61
138
180
133
70
50
182
72
41
56
131
79
97
158
37
190
57
106
46
44
178
64
97
184
87
76
73
25
138
25
197
183
207
40
155
81
70
184
42
52
46
134
60
28
109
209
207
98
172
77
181
194
63
171
49
32
74
113
66
143
31
51
37
109
189
141
18
143
90
163
57
28
208
136
45
200
54
39
190
88
77
146
141
12
139
84
80
14
69
189
125
22
84
170
123
79
90
206
180
114
167
89
23
61
156
58
147
23
88
76
61
34
32
91
114
62
129
98
16
150
146
179
142
145
69
154
77
40
108
102
62
183
56
12
34
185
60
113
113
140
80
84
66
150
74
95
145
59
62
40
22
140
102
72
34
134
13
119
85
36
102
153
43
89
138
185
189
158
29
169
27
60
66
99
175
183
29
79
172
112
30
130
14
141
126
95
12
70
129
12
128
47
43
188
95
173
128
156
19
127
60
205
45
27
129
157
144
33
94
121
58
176
76
91
124
179
180
20
184
64
156
95
113
85
73
74
102
63
47
185
145
184
147
33
172
52
25
109
75
185
185
17
60
96
45
209
163
132
102
156
170
190
115
187
110
18
99
96
109
10
194
108
155
61
152
201
75
196
183
81
42
201
187
81
112
76
36
126
176
11
134
66
175
173
162
195
145
195
205
81
14
19
174
169
44
203
21
10
110
207
199
163
42
143
126
192
89
183
197
183
71
196
114
43
202
120
44
117
207
107
155
201
96
166
182
92
169
76
80
16
106
