31
1000
173
200
137
98
160
96
88
113
42
59
82
168
88
184
31
48
35
127
32
121
166
44
180
172
103
112
208
52
15
206
95
50
40
131
49
104
106
38
59
61
185
168
123
111
135
165
45
31
194
64
127
158
105
149
94
46
160
167
67
187
62
66
62
208
87
146
101
149
43
195
145
54
74
98
149
159
186
64
35
156
78
95
61
109
149
133
165
207
117
158
82
85
154
142
31
61
86
75
161
119
62
145
54
40
23
111
12
45
68
22
37
35
157
58
93
19
109
65
109
114
136
33
40
119
31
174
14
78
186
73
170
10
57
60
197
118
22
177
174
164
186
59
95
87
155
156
92
171
118
189
90
37
55
36
81
156
51
127
112
151
126
176
132
136
173
41
180
206
146
70
52
96
192
113
180
101
18
145
61
153
12
124
103
26
149
187
33
161
96
173
79
107
61
187
65
47
17
195
70
10
135
64
52
142
145
183
178
113
55
148
196
202
178
51
106
14
110
58
78
40
114
11
167
136
45
64
191
66
111
95
54
119
33
21
57
81
10
39
155
167
15
27
134
176
61
165
101
205
134
109
201
159
55
126
198
72
114
10
90
93
196
113
185
137
108
112
176
13
23
157
76
99
52
201
86
113
89
111
110
83
90
65
56
114
184
113
55
96
94
173
69
69
91
76
124
91
13
117
140
198
91
62
121
48
204
146
104
49
41
76
15
115
164
152
198
155
68
81
142
147
46
21
172
117
90
108
57
114
79
95
57
97
75
102
38
179
50
162
129
82
10
33
93
130
146
135
168
136
181
57
134
151
151
190
99
89
66
158
61
194
173
164
76
209
58
120
143
168
171
13
85
58
192
121
196
76
111
155
169
116
160
190
197
198
116
180
56
182
130
70
156
79
13
127
89
50
182
161
168
98
169
135
142
84
118
185
192
61
71
70
190
155
105
116
101
205
121
122
12
63
124
23
146
133
154
196
50
40
176
140
205
63
202
164
91
173
17
68
197
128
62
141
97
154
123
70
59
120
154
191
205
80
77
38
195
111
185
103
149
24
111
173
138
161
56
136
117
112
77
31
15
115
96
85
57
60
67
64
203
51
171
84
198
13
104
30
43
171
140
188
134
149
133
130
170
37
25
111
98
209
77
150
137
24
58
56
55
29
108
207
137
105
96
150
20
67
106
188
13
170
137
191
136
188
183
60
59
95
112
109
206
180
174
180
113
59
207
108
106
202
12
142
81
183
150
137
26
45
23
99
55
75
58
132
103
151
89
122
175
26
17
22
107
149
164
205
106
114
138
83
195
133
101
83
79
57
120
137
125
135
74
208
27
97
125
119
192
156
46
37
172
28
16
150
160
33
82
102
31
152
129
11
176
188
19
95
71
179
106
98
191
13
120
54
71
127
205
100
102
46
179
124
196
183
58
49
70
147
85
75
101
168
207
118
12
187
179
112
53
88
56
184
95
108
141
58
157
74
118
119
174
186
123
121
140
176
25
155
203
16
96
119
161
87
57
26
132
172
153
114
20
46
30
207
151
183
204
31
202
30
77
36
83
83
51
104
136
75
19
129
27
115
48
63
45
136
145
153
163
77
121
96
138
111
104
100
83
91
146
130
90
151
164
103
97
181
63
158
60
195
179
165
33
48
89
126
14
97
21
89
78
161
94
31
57
64
51
161
95
186
75
95
153
152
161
28
85
164
35
62
60
37
45
36
209
195
71
153
208
92
151
29
208
141
140
26
38
148
161
51
168
98
162
73
83
134
55
127
74
61
58
165
92
149
77
139
72
88
69
115
39
166
189
105
165
100
105
102
38
17
192
103
18
142
92
76
84
61
194
205
13
74
152
87
151
103
160
68
113
132
48
57
46
123
42
184
194
34
167
62
99
57
11
71
199
19
101
181
160
81
126
144
97
194
123
87
187
175
56
172
152
170
51
30
91
111
59
200
34
139
147
127
42
209
54
129
157
203
24
112
146
86
183
13
186
166
21
154
178
168
171
64
10
71
139
95
57
189
202
148
42
19
200
20
39
117
190
167
80
124
186
152
176
167
50
137
189
44
131
51
90
183
188
154
178
197
108
199
203
171
37
120
189
47
59
202
94
168
45
110
35
146
95
106
132
177
81
134
133
111
80
150
29
152
15
112
205
50
50
75
127
99
62
160
79
34
120
20
146
24
89
195
26
15
82
185
148
160
98
105
15
171
33
153
200
55
184
148
198
98
96
175
95
154
99
200
69
65
162
111
25
87
28
129
178
185
48
193
34
152
