31
1000
131
30
158
114
168
97
193
49
143
16
185
178
177
85
104
165
159
133
110
140
83
191
79
134
48
187
99
209
104
207
13
29
112
85
139
117
73
25
130
49
30
165
26
55
53
191
53
17
180
43
32
167
122
130
51
125
175
28
139
15
104
153
25
96
203
67
39
75
11
143
30
48
129
43
111
144
199
153
188
76
58
185
106
167
139
117
70
21
26
54
113
51
129
173
169
149
160
67
13
102
113
33
52
138
74
204
139
16
131
192
25
59
131
77
89
208
108
55
180
17
103
167
40
120
29
135
33
87
131
91
153
116
177
27
127
43
23
133
106
163
100
63
41
138
125
178
128
196
87
26
184
103
89
169
180
138
160
52
148
36
16
30
176
72
172
144
35
22
75
162
17
61
175
179
38
37
139
75
12
89
64
194
64
41
84
114
98
13
128
63
168
38
44
15
206
55
137
173
115
120
82
127
139
75
176
119
52
87
185
142
96
58
100
164
63
92
164
101
197
38
167
133
15
137
129
76
157
187
10
101
149
125
72
48
156
96
42
63
81
69
51
134
80
187
167
156
72
123
149
62
146
112
49
178
150
115
37
144
12
123
107
45
155
32
58
193
49
160
146
121
64
83
197
111
89
25
45
173
64
76
100
40
172
88
171
193
57
110
35
47
172
96
170
176
90
127
170
47
173
112
52
110
13
205
92
61
151
159
57
163
44
113
195
137
48
24
177
158
148
23
103
205
147
47
112
203
142
196
70
44
45
178
115
157
67
46
178
76
12
49
167
115
158
71
184
44
137
182
207
110
147
34
69
14
76
13
204
145
180
180
89
85
36
21
180
128
136
83
69
48
14
140
165
17
19
98
126
197
99
134
176
29
122
195
25
86
148
158
184
199
198
155
47
71
87
114
162
139
118
145
136
109
161
163
205
96
207
142
177
96
139
178
193
190
69
13
96
73
38
180
121
72
168
180
92
124
153
119
131
59
154
105
31
191
136
194
196
197
109
174
117
144
108
112
142
142
32
37
45
195
191
37
99
97
152
156
132
129
142
134
33
163
64
106
22
138
167
133
189
179
195
175
55
179
26
43
170
192
118
87
43
56
194
172
193
158
177
39
172
107
43
94
104
152
20
126
154
26
35
137
117
39
140
85
193
156
146
143
122
65
165
151
16
68
19
189
48
50
63
201
150
52
147
24
189
22
34
75
189
147
191
193
32
116
179
84
161
151
15
105
97
28
47
201
207
51
71
133
116
201
13
54
40
18
58
162
188
32
206
138
85
185
207
17
81
135
206
176
114
72
158
196
92
134
26
200
157
153
193
126
104
144
177
33
85
207
149
199
97
91
132
98
165
176
136
21
62
43
191
108
136
195
98
164
167
26
192
25
20
138
150
159
97
19
141
88
97
209
112
99
159
34
96
54
145
100
70
98
184
21
28
197
127
196
48
125
102
69
22
160
82
147
145
121
122
93
206
165
65
187
181
171
187
17
109
65
189
98
75
203
78
88
71
31
36
128
35
164
20
91
144
121
170
182
71
154
96
179
128
116
143
128
131
202
96
205
169
152
46
36
117
181
106
41
45
85
25
65
151
124
118
198
138
159
112
200
154
197
167
176
135
99
73
190
179
100
67
26
94
111
166
191
184
26
16
188
130
13
188
116
41
193
87
149
144
80
144
197
121
190
83
105
31
196
73
184
163
101
160
19
113
194
19
24
47
200
158
188
42
201
32
109
52
96
156
154
150
198
54
34
173
169
55
89
116
124
61
137
135
122
170
45
167
188
120
137
190
114
126
173
33
38
89
64
45
116
33
185
191
53
30
17
12
187
104
133
178
71
112
135
57
142
175
195
146
186
112
63
18
173
36
68
10
72
75
114
183
33
202
167
17
75
69
16
138
15
193
160
37
113
126
77
192
125
24
170
23
88
170
31
182
59
110
165
163
58
178
157
14
52
122
160
150
34
85
129
98
58
159
31
168
69
92
31
133
20
132
190
146
34
191
179
71
187
197
123
207
10
50
54
15
63
149
191
76
72
180
50
208
126
54
85
209
136
108
80
118
54
141
25
183
140
20
41
144
174
72
122
33
130
168
66
77
136
185
73
93
199
101
21
169
49
154
143
186
191
156
190
143
143
56
138
145
65
158
59
13
193
41
32
38
191
23
19
21
11
112
169
150
11
29
136
152
111
86
161
160
147
127
164
74
115
152
107
22
62
104
47
27
153
93
78
43
124
91
174
26
82
207
52
131
114
102
189
49
162
46
174
24
27
