22
500
83
69
17
136
145
39
27
64
25
27
164
114
181
198
21
156
180
23
182
153
39
99
10
76
40
59
78
30
79
127
135
10
186
30
135
117
63
21
44
115
98
197
141
92
174
66
138
46
170
101
103
12
185
131
188
148
53
30
20
119
58
121
48
73
123
193
112
176
147
95
181
177
185
187
174
21
49
66
117
91
107
151
100
56
75
64
178
177
100
79
132
185
65
129
209
197
146
116
151
61
183
17
20
150
188
48
26
154
161
75
121
40
157
91
202
192
159
31
38
111
48
179
73
200
48
52
167
196
163
33
177
48
152
134
155
109
46
162
125
85
171
49
132
201
163
28
12
200
113
187
37
193
117
36
199
97
114
205
108
64
51
126
152
118
25
90
79
131
59
20
51
36
131
119
192
74
89
133
23
12
62
145
67
188
199
64
51
127
100
161
44
206
180
38
75
98
71
162
188
125
72
66
66
107
92
145
123
166
179
44
54
73
154
196
108
20
43
129
89
167
186
179
69
194
28
76
171
41
174
10
70
197
55
32
179
132
179
20
39
99
21
51
109
194
137
25
172
149
59
109
91
27
175
192
74
80
30
190
71
69
153
61
49
167
206
91
116
53
132
140
177
99
20
120
105
51
86
147
95
139
85
110
151
201
16
204
55
115
46
191
160
124
117
16
88
193
119
85
160
185
66
52
29
74
35
182
86
73
182
47
104
177
124
10
177
205
49
17
63
208
208
122
180
153
158
22
137
133
152
91
60
165
98
49
127
38
62
185
38
158
180
88
205
84
84
148
148
129
29
78
56
147
121
189
54
169
175
123
23
152
100
201
107
35
48
174
195
161
41
92
103
161
86
75
96
56
41
151
76
83
145
21
132
56
203
107
59
102
85
93
61
46
208
187
65
17
103
176
45
112
160
157
189
27
29
188
199
33
175
153
22
70
145
154
24
67
188
16
14
151
36
21
48
194
62
37
91
154
148
122
105
95
79
31
27
66
192
206
12
163
51
93
157
38
24
42
168
79
95
136
28
205
127
98
173
114
204
76
92
155
115
201
18
162
50
150
85
177
65
21
44
161
135
118
189
104
11
177
49
129
184
63
112
197
155
142
158
168
124
146
89
119
63
168
86
69
158
174
207
188
