22
500
149
122
88
176
18
131
31
31
129
77
195
184
112
177
104
73
127
158
19
165
138
145
56
145
56
178
128
19
163
178
181
91
36
81
28
150
138
181
156
15
39
28
129
134
103
42
24
21
102
14
39
157
133
111
59
112
201
76
116
183
160
96
129
163
16
180
204
192
142
135
153
62
72
41
56
97
64
157
173
169
197
60
136
156
63
174
46
198
87
164
51
123
209
17
74
115
127
47
188
116
99
53
184
54
184
102
204
47
206
181
73
110
96
188
196
117
12
172
166
120
166
183
50
27
185
57
38
135
115
85
192
164
28
124
118
115
19
88
170
90
13
119
152
179
91
34
166
86
150
37
47
146
114
17
147
107
148
141
119
109
26
60
164
14
189
183
111
98
173
147
84
112
154
85
200
130
98
66
162
170
179
59
124
159
151
150
60
191
63
32
185
22
190
78
109
205
11
66
102
78
194
98
96
43
128
69
139
23
136
151
60
100
103
188
10
51
184
169
72
147
109
22
66
160
164
207
197
109
169
66
152
204
165
187
161
169
147
194
189
199
43
38
40
50
29
196
141
188
91
87
51
171
203
83
124
183
192
37
154
65
68
114
120
79
148
80
155
85
184
73
116
181
173
83
58
175
113
181
176
195
155
205
57
171
180
124
131
62
206
202
87
175
63
14
164
124
122
206
98
26
66
165
186
150
108
178
103
127
192
53
112
79
203
52
198
103
45
108
133
178
194
43
192
10
86
114
165
175
58
193
98
158
134
74
179
126
58
127
98
181
37
31
209
193
49
155
94
163
201
79
100
166
127
92
202
150
62
171
122
131
153
196
96
188
183
196
76
24
100
173
199
207
61
183
134
24
119
196
150
172
20
106
140
79
43
105
151
175
187
148
125
172
68
12
199
120
145
120
209
128
166
25
50
168
195
146
100
197
18
45
209
28
115
15
90
128
128
190
101
121
31
113
155
23
29
61
202
157
177
65
118
75
132
143
63
36
59
155
143
207
38
23
186
88
89
21
194
118
164
94
23
80
24
71
199
96
113
27
151
33
107
67
14
173
34
203
18
143
74
78
178
32
183
209
87
77
90
61
96
45
137
70
129
15
194
88
102
178
60
34
49
39
121
27
150
105
148
192
192
29
