31
1000
199
89
113
133
176
38
181
37
30
160
71
176
165
156
163
130
164
173
158
151
187
68
112
139
79
209
117
52
105
183
146
151
165
39
189
171
181
115
110
134
53
196
10
58
42
35
110
195
188
97
160
63
203
100
72
179
189
150
134
62
85
51
118
149
207
111
142
19
24
105
104
145
91
192
162
89
134
145
123
11
195
170
64
147
138
102
125
136
124
125
39
137
178
175
157
37
164
54
191
119
173
189
127
181
124
208
13
100
110
97
78
145
142
164
28
182
142
104
48
79
143
59
20
176
149
16
205
37
118
208
150
181
129
122
160
148
139
112
53
84
36
192
180
159
16
115
30
140
162
22
31
75
51
106
24
150
112
186
113
111
17
168
53
168
46
93
102
51
196
188
110
62
149
25
135
82
14
19
75
97
58
178
149
161
43
47
48
89
24
144
206
95
162
172
24
100
81
153
61
13
140
71
70
191
158
80
126
197
91
135
118
121
65
195
14
85
20
182
96
45
74
110
159
107
205
23
189
29
103
130
145
79
87
63
207
161
201
106
42
134
52
141
133
152
61
82
127
106
129
99
132
100
96
104
40
173
197
108
38
64
194
117
143
101
128
190
95
202
92
186
201
182
141
71
106
179
185
77
91
141
55
10
128
155
24
99
133
89
159
65
16
135
159
141
114
202
52
57
47
165
73
29
38
156
72
139
106
172
57
64
30
194
66
199
31
95
124
11
91
93
110
104
31
40
155
55
110
67
174
12
190
78
94
62
93
34
84
67
153
33
193
189
76
77
157
125
38
147
58
42
196
170
111
166
183
142
160
182
168
132
11
124
31
122
157
186
98
189
51
164
146
77
85
123
162
193
60
130
49
74
36
127
207
39
205
23
51
197
155
102
115
73
182
139
37
19
92
204
18
64
145
18
147
172
81
155
59
130
156
152
108
35
144
115
141
190
189
200
17
129
161
100
155
13
164
102
21
111
45
80
208
168
91
209
14
43
193
35
107
142
33
53
26
151
65
108
100
76
82
163
91
143
141
123
180
20
136
104
99
89
78
155
200
33
173
109
56
164
145
159
23
119
110
195
112
91
74
94
87
101
209
164
173
121
26
136
43
28
23
39
187
13
18
64
63
70
90
98
76
109
93
34
81
153
111
79
162
52
73
84
18
60
45
161
13
173
46
174
155
143
20
134
160
127
84
19
160
108
111
124
40
57
161
56
208
66
89
197
164
52
49
130
170
174
75
133
13
14
131
66
16
121
60
160
95
83
186
65
207
87
175
207
86
195
65
158
77
180
120
73
66
137
173
68
17
78
110
131
171
136
23
198
159
104
90
195
132
141
191
22
33
194
95
54
139
130
169
111
118
203
79
31
159
198
139
183
166
113
59
169
177
127
197
193
202
38
171
169
67
90
207
108
104
146
106
127
107
143
45
63
86
85
147
107
120
31
118
183
170
147
182
201
139
111
208
172
208
175
123
127
15
189
150
154
186
107
109
148
98
159
138
179
137
76
151
177
209
129
50
23
203
32
74
41
127
157
150
53
178
112
29
153
102
74
104
105
19
176
27
18
171
207
34
198
19
132
120
180
150
110
91
75
148
115
44
163
175
91
18
176
198
53
157
76
74
53
96
103
149
38
193
181
179
193
26
117
65
58
145
74
154
76
109
40
57
145
23
156
112
191
192
40
79
194
97
90
200
98
44
55
150
81
98
145
30
19
183
83
54
42
191
109
163
110
36
17
166
37
111
144
118
180
43
201
145
58
114
39
75
189
159
182
65
108
131
90
32
152
67
197
23
40
14
195
163
47
44
66
144
68
209
67
77
46
41
24
128
202
86
137
169
91
197
167
35
188
175
196
76
157
67
205
94
47
185
158
142
94
65
168
34
58
137
81
176
170
125
168
41
142
129
83
140
190
50
79
95
141
91
59
56
20
156
82
105
68
68
59
138
20
167
174
185
42
146
118
148
162
107
61
167
177
62
25
25
172
34
177
161
106
11
107
86
130
88
142
115
75
156
62
113
86
154
177
127
162
97
109
205
44
167
92
78
88
82
110
12
96
129
209
85
208
74
31
155
116
157
21
201
159
157
27
129
57
110
156
130
43
49
124
23
50
77
193
171
166
112
47
16
62
156
196
48
90
60
149
202
29
141
67
70
133
130
86
108
55
199
180
165
76
119
69
61
186
33
182
177
64
157
145
123
83
197
45
12
14
30
79
33
129
22
53
86
112
143
203
166
78
137
156
93
143
78
206
133
71
207
66
140
194
