31
1000
45
165
130
152
62
87
136
152
54
67
96
82
22
185
111
30
144
206
110
179
15
115
142
198
198
150
141
41
179
196
118
147
109
47
151
129
135
97
60
17
153
62
49
126
196
167
156
85
27
56
209
139
153
95
15
169
21
135
71
125
74
65
13
86
187
102
40
115
140
196
75
153
83
162
78
80
85
145
110
192
125
57
192
77
24
173
78
164
164
76
200
129
63
133
164
183
179
94
128
163
135
137
203
173
161
60
179
67
111
51
138
60
52
76
34
94
56
119
31
61
193
40
100
145
205
66
133
202
178
202
35
155
52
53
103
48
165
39
94
125
116
105
26
100
84
70
25
66
84
74
174
199
95
80
46
97
106
14
181
140
83
207
119
24
129
181
170
182
206
32
128
56
72
184
107
13
111
67
201
53
18
19
95
63
122
87
66
189
168
92
184
112
106
40
77
70
176
124
58
44
29
11
207
65
49
155
177
74
139
118
31
131
36
93
46
72
199
26
189
177
84
121
107
171
52
147
84
193
166
86
26
70
200
36
63
197
178
205
25
159
164
140
159
168
95
84
104
15
153
61
35
168
202
63
56
24
19
57
93
156
111
183
13
143
130
142
188
62
110
60
21
73
148
57
116
40
71
84
79
47
180
92
191
64
158
204
100
59
198
169
119
21
119
179
193
115
127
61
128
145
202
115
75
179
145
48
90
38
151
57
56
140
204
90
93
155
131
178
164
145
14
197
139
15
81
14
201
30
140
159
74
58
146
79
173
121
94
142
206
160
157
128
128
35
142
203
82
159
102
143
82
174
49
26
176
61
146
189
137
77
132
78
36
53
89
170
152
48
175
199
68
80
131
123
113
191
13
205
122
198
43
198
196
76
34
91
144
108
62
90
101
132
195
167
146
189
180
122
121
28
97
166
15
36
150
48
128
157
141
50
136
181
174
51
188
193
69
149
119
57
121
99
97
14
37
117
17
160
64
113
83
72
119
56
180
166
193
154
122
80
11
39
121
168
58
83
24
57
38
76
146
190
111
155
177
207
167
165
76
128
62
29
73
144
77
200
174
27
42
37
177
20
58
143
160
43
13
96
83
135
122
27
61
104
171
174
97
35
60
131
200
171
37
105
113
80
47
76
10
207
147
205
187
190
30
71
114
66
145
88
128
183
180
200
171
91
162
121
205
31
144
194
57
19
200
18
149
149
138
158
115
166
153
191
122
57
19
155
42
137
18
30
189
158
209
116
192
19
32
126
161
95
152
71
90
70
146
138
179
51
89
146
78
36
112
149
84
98
110
182
205
36
198
86
173
87
91
110
81
116
145
123
81
86
118
134
184
46
192
39
54
93
104
165
126
173
148
61
59
20
58
45
78
78
199
188
131
15
208
40
58
10
64
10
49
168
145
162
150
168
38
19
17
71
172
139
152
101
192
98
197
156
35
180
194
197
195
140
165
176
187
94
134
56
195
97
21
90
34
112
104
184
175
36
186
46
183
144
160
127
105
16
197
205
54
30
189
75
12
146
134
25
137
126
194
84
28
179
89
167
159
148
68
98
129
181
148
125
136
175
65
73
43
195
158
131
53
40
122
182
38
195
154
180
84
138
65
72
144
21
145
179
67
41
91
162
86
186
147
176
176
205
63
13
162
167
142
114
167
190
61
192
127
42
92
13
75
134
88
50
122
97
41
147
74
52
172
35
67
128
67
156
101
197
151
128
129
81
112
112
53
147
51
198
41
27
58
72
71
88
98
172
112
93
54
162
136
201
96
75
83
33
72
20
66
60
117
127
62
11
72
158
157
204
160
140
65
154
95
42
45
10
188
75
196
123
106
197
18
43
110
12
172
19
54
109
19
118
84
124
123
155
177
138
194
204
191
190
99
155
151
39
146
40
129
11
123
57
34
167
115
183
160
20
184
48
48
186
100
199
176
84
108
20
105
95
88
137
124
176
123
154
70
137
153
144
38
136
96
42
163
117
112
72
90
181
108
102
140
23
154
18
135
139
71
154
195
18
163
164
157
166
188
76
152
183
135
75
199
14
17
170
167
178
67
20
89
188
164
96
197
97
56
11
98
149
102
161
99
150
176
44
67
116
132
107
81
194
63
48
166
97
120
126
107
34
82
116
40
30
60
115
144
156
59
160
200
197
135
110
101
136
90
107
157
197
173
197
189
56
133
73
98
37
146
88
52
58
120
143
84
133
63
209
207
66
149
139
162
33
20
75
189
139
165
142
196
95
19
53
56
125
141
195
93
69
83
198
156
61
