22
500
86
110
198
139
46
85
173
186
70
77
101
100
12
149
51
92
49
204
79
154
48
128
195
59
88
156
73
188
129
86
162
90
115
178
82
80
153
198
97
78
77
28
85
19
61
117
123
64
195
200
180
24
194
63
36
127
76
153
38
205
40
74
114
175
145
188
113
43
178
127
40
78
110
132
160
132
36
50
142
180
39
51
45
53
83
151
17
136
11
195
39
99
40
173
33
143
108
198
157
104
93
196
157
46
181
147
89
132
77
96
112
164
10
170
70
189
24
173
47
139
27
84
178
90
36
42
49
22
64
69
132
129
13
128
61
66
197
92
46
86
29
42
62
142
48
95
99
13
148
13
154
20
166
10
82
77
208
102
62
16
161
78
73
108
110
160
83
150
36
203
10
127
63
125
148
157
172
32
32
81
155
130
205
48
152
31
66
96
153
53
189
208
50
76
103
165
92
184
76
125
76
172
48
10
191
13
165
133
99
184
49
163
73
17
205
33
63
105
56
31
178
187
193
92
32
155
140
87
147
67
163
85
42
52
62
115
186
21
102
105
121
139
115
25
163
198
93
187
53
187
55
119
151
171
167
191
207
135
146
198
72
206
165
168
178
77
159
71
98
74
58
71
146
173
160
199
204
188
186
164
23
177
179
204
60
98
83
116
19
197
55
207
118
109
54
35
31
69
143
193
93
152
78
25
26
83
37
48
24
64
39
15
17
184
48
41
150
163
192
168
79
55
102
117
50
59
193
154
47
199
18
166
71
66
125
172
68
87
206
112
92
13
57
104
103
146
25
98
168
27
202
80
161
27
35
100
142
61
138
57
36
31
68
49
202
37
68
101
77
79
200
124
18
201
99
122
157
109
92
148
118
182
198
78
155
83
17
65
136
119
15
60
27
185
120
142
68
45
190
206
129
22
53
23
176
94
162
19
70
11
140
170
53
112
136
55
97
189
70
71
131
36
41
175
31
162
52
58
88
69
88
116
68
208
74
101
162
64
89
85
55
42
109
192
160
164
195
79
129
92
53
75
124
209
150
206
198
60
139
152
83
26
61
106
49
65
36
171
138
156
21
45
68
29
59
83
171
159
140
18
46
149
186
144
54
33
98
149
82
189
65
165
200
128
170
94
158
118
141
125
