22
500
144
39
125
118
33
142
152
23
81
24
153
117
209
27
30
204
147
51
104
30
67
86
109
59
164
58
24
106
175
198
12
90
206
146
104
191
142
19
68
172
35
103
113
57
149
113
47
121
128
98
152
91
154
37
57
43
14
172
193
85
125
92
66
21
140
106
133
37
208
184
66
20
102
40
69
111
71
76
123
135
145
32
156
176
177
181
131
25
83
114
152
44
108
169
62
19
95
171
144
117
108
25
71
84
159
56
191
108
84
168
183
139
56
49
191
159
154
139
52
80
97
16
47
44
23
72
28
64
147
161
181
98
132
201
166
96
121
26
92
108
54
200
175
207
81
90
15
174
131
138
10
110
162
51
35
16
162
190
103
16
35
57
136
168
38
149
180
60
114
162
32
34
99
209
30
32
130
77
110
137
39
207
25
197
187
149
32
76
194
159
83
55
149
61
150
180
158
104
13
28
196
20
56
82
15
182
145
74
69
120
106
19
19
46
164
147
175
84
43
133
122
102
181
33
11
171
121
121
126
119
108
148
140
68
38
121
84
76
43
209
207
54
134
24
25
138
200
202
28
67
182
135
102
32
200
82
106
70
134
76
100
150
173
71
102
94
79
26
200
143
153
80
76
139
142
37
135
25
208
159
12
182
182
132
35
41
74
46
142
74
57
192
83
184
173
195
94
15
80
185
86
59
166
189
88
75
53
125
73
36
25
86
76
105
64
27
67
92
92
121
122
172
87
57
176
99
192
66
119
74
171
19
130
171
111
11
174
43
41
133
121
114
46
107
112
160
118
13
108
62
180
166
44
78
178
76
102
24
113
50
30
187
94
11
153
12
160
29
44
117
45
208
181
133
68
138
83
56
46
40
18
195
206
155
110
62
23
204
201
86
109
181
175
150
11
78
206
57
100
209
108
127
29
34
104
98
71
126
66
203
98
143
207
22
101
26
109
95
155
78
53
31
63
120
206
63
184
87
141
79
87
25
82
172
21
88
111
204
178
13
106
127
136
191
105
28
14
64
69
84
48
109
206
111
140
143
110
82
71
147
19
114
166
194
36
176
17
101
36
24
161
34
76
47
138
27
83
120
148
17
81
172
116
173
105
92
143
142
189
44
190
84
35
189
172
160
100
23
77
62
