22
500
47
183
170
67
100
34
33
84
55
99
72
83
120
93
189
149
168
95
29
25
128
171
71
118
42
24
62
133
135
31
153
190
54
178
17
22
126
160
38
101
16
182
166
70
12
79
155
207
207
36
184
72
190
199
168
41
153
129
27
148
23
44
77
170
73
74
61
202
142
188
31
131
155
159
94
58
28
120
194
71
124
32
17
42
181
83
118
59
20
147
67
151
76
73
83
198
69
179
97
146
97
129
15
74
155
34
36
36
124
187
148
105
195
63
93
97
104
155
36
128
166
32
82
57
11
51
39
150
37
41
89
10
202
108
105
61
180
155
146
47
79
29
207
120
128
102
87
123
92
98
64
51
75
22
125
142
79
14
189
182
149
201
18
102
62
40
194
162
146
190
182
95
146
114
101
57
112
55
52
59
45
204
148
73
39
15
88
66
77
189
209
162
65
133
144
91
65
202
191
123
193
159
196
88
176
172
155
128
101
31
103
102
31
142
77
110
110
121
94
90
113
133
30
149
93
170
149
124
110
134
10
109
173
66
55
191
30
186
157
97
109
106
157
38
189
124
55
166
149
198
75
161
143
73
106
116
77
60
47
157
50
174
192
179
163
195
147
199
208
46
151
119
83
188
32
105
124
97
46
173
182
108
195
155
130
13
47
187
118
152
170
179
169
193
173
67
85
118
117
196
178
36
109
175
91
186
15
27
23
178
150
166
15
94
155
36
111
127
11
189
178
80
121
97
14
145
173
47
193
127
64
179
111
25
203
117
41
94
27
126
164
138
91
94
179
200
159
57
105
72
144
128
119
49
64
203
134
74
148
92
18
163
153
191
28
137
164
37
66
118
58
136
68
174
153
97
54
101
41
37
157
103
139
142
136
200
68
150
157
193
205
94
100
140
59
204
196
71
206
27
120
196
168
52
86
57
20
139
132
123
176
196
79
182
144
76
145
103
192
84
166
106
30
96
52
135
138
94
28
63
11
42
17
109
24
55
60
136
111
151
185
133
133
91
34
65
27
150
46
139
121
59
142
208
34
104
20
49
187
66
96
143
145
167
72
206
126
67
195
191
72
162
178
151
14
165
19
117
104
55
132
65
202
159
33
88
148
64
42
132
169
171
195
168
90
70
25
145
183
86
