31
1000
209
135
89
152
166
67
115
129
193
152
160
208
97
73
92
155
69
115
126
161
79
53
125
58
25
97
173
118
28
19
47
54
104
94
198
185
198
133
181
180
145
157
167
34
42
44
22
19
67
133
77
132
67
12
201
50
176
32
114
84
187
58
191
173
117
137
159
19
136
175
116
143
120
179
106
169
48
11
142
87
136
62
193
18
108
100
196
29
65
11
37
66
200
127
15
35
133
116
120
34
169
115
28
94
179
151
198
146
189
19
79
107
146
82
39
126
78
186
80
188
134
181
51
52
71
54
154
59
106
109
140
42
60
111
135
75
12
109
23
17
110
150
76
132
133
180
115
198
189
24
51
205
149
163
183
197
163
19
19
26
18
118
176
206
127
22
154
141
178
40
152
11
111
66
83
165
51
25
111
45
28
116
80
140
42
41
166
155
177
82
80
106
32
36
39
172
12
139
17
69
198
45
78
202
11
162
207
59
98
108
18
167
56
193
58
100
159
58
84
56
61
112
132
130
193
106
77
103
48
61
160
41
150
64
140
50
184
106
180
153
197
11
190
63
141
100
39
153
170
171
180
74
43
63
163
76
40
165
80
154
23
13
91
93
93
164
167
25
24
22
22
124
153
95
95
122
127
15
194
104
150
56
90
155
143
53
81
52
177
33
209
58
21
144
86
172
175
22
66
202
168
202
128
166
16
23
194
77
17
167
190
164
183
124
139
16
204
125
153
70
128
169
103
60
189
107
166
18
24
90
26
113
188
51
96
46
128
149
203
154
137
177
129
81
194
44
67
109
151
163
33
135
170
146
99
50
148
184
85
12
133
203
58
105
79
107
17
61
101
126
61
206
89
112
46
20
186
164
189
126
76
11
44
147
145
175
92
49
126
93
16
189
17
102
167
152
46
168
191
153
57
109
157
149
61
152
81
161
123
191
21
183
151
121
134
164
44
54
196
141
167
117
148
17
113
110
204
176
141
77
22
118
194
159
110
19
131
21
158
18
162
34
80
76
155
66
115
121
188
65
55
170
194
205
163
141
207
200
86
78
96
110
194
143
35
136
188
180
142
195
80
61
129
88
178
153
93
33
55
203
103
196
58
164
69
15
146
197
161
208
17
126
179
136
143
184
152
12
101
60
153
62
37
38
95
95
166
201
121
121
150
200
168
21
81
38
178
168
70
91
50
130
16
140
49
13
193
38
30
206
34
38
113
43
40
152
93
129
113
26
115
40
164
108
195
133
63
78
46
149
193
150
159
129
47
52
191
74
196
68
176
146
178
160
137
149
141
103
40
122
86
158
103
146
46
121
37
155
40
183
36
57
161
23
99
18
107
162
49
44
85
174
18
14
118
44
167
32
56
208
205
23
10
83
176
169
54
86
65
193
169
148
186
120
152
76
10
96
16
98
131
134
126
209
89
188
53
176
141
56
13
206
168
164
185
139
123
10
161
108
83
28
62
26
10
198
36
120
152
25
113
88
65
28
36
97
71
201
49
54
48
201
48
94
75
101
125
123
92
58
179
57
175
88
50
158
201
199
120
88
130
198
155
199
142
90
11
192
194
176
174
139
124
199
190
83
156
173
125
47
79
68
104
169
18
56
121
18
195
192
111
55
50
158
33
13
183
189
103
205
70
134
137
43
93
15
129
41
70
113
67
75
87
180
69
111
135
81
129
19
91
27
71
90
15
147
15
28
168
47
13
193
125
31
133
154
166
27
30
61
109
76
27
203
113
38
92
151
10
150
179
149
23
102
171
12
146
154
83
153
125
198
79
82
13
158
167
196
60
129
33
114
46
147
130
115
162
102
26
101
208
180
38
124
145
36
158
121
57
70
182
25
73
53
50
115
129
32
11
85
179
140
190
116
132
138
116
182
75
160
132
103
195
103
155
35
62
97
118
198
183
156
15
110
105
112
83
65
54
49
196
161
31
184
98
200
179
204
100
162
107
33
124
190
105
187
81
56
33
25
86
158
32
192
207
45
57
19
172
119
151
60
206
27
44
42
167
138
63
110
22
193
52
116
192
152
78
203
186
30
120
64
162
38
185
174
157
202
141
122
131
194
88
86
39
209
69
148
26
117
53
196
175
73
59
148
130
56
125
156
18
80
85
147
133
81
101
57
107
81
112
161
122
77
125
42
160
13
39
132
168
69
88
162
59
52
172
39
56
139
73
185
22
19
173
181
189
11
56
189
205
157
176
133
159
68
11
190
95
21
54
140
91
14
20
147
133
47
91
121
124
108
105
119
49
188
108
73
149
49
