22
500
10
125
141
188
185
77
113
38
143
209
29
173
177
94
162
106
119
183
75
163
123
179
205
130
37
126
87
106
156
198
124
182
208
69
205
62
11
205
180
166
30
21
188
157
159
95
164
191
79
11
194
39
74
91
92
117
16
204
153
136
144
46
174
24
76
136
149
146
120
139
208
137
124
185
51
93
17
202
208
123
56
99
195
113
174
43
158
68
116
67
151
72
130
58
36
75
156
82
185
126
44
123
65
169
71
89
64
106
188
100
105
66
54
84
115
172
75
39
70
203
30
153
124
191
119
159
42
83
161
136
133
166
172
136
58
156
33
153
198
64
35
33
132
56
93
99
85
197
110
114
89
62
161
49
195
64
121
208
139
140
18
180
45
157
11
118
87
124
71
198
56
34
130
156
148
49
137
82
36
87
66
129
114
200
163
191
42
159
118
90
204
98
146
124
37
63
45
163
141
14
61
115
60
84
134
162
118
112
69
55
174
167
131
120
190
23
206
199
84
65
17
89
128
168
140
139
90
193
166
41
16
190
46
36
29
43
154
182
69
203
126
189
165
55
174
42
40
77
63
62
204
162
119
64
44
196
77
85
102
38
99
28
123
192
184
133
175
146
154
157
30
125
200
24
95
190
118
92
205
72
82
118
40
173
75
188
99
208
121
110
110
74
55
161
59
64
125
106
158
133
146
91
205
41
103
173
127
53
23
66
209
58
66
101
187
54
121
41
73
146
115
19
54
178
22
60
27
161
130
191
133
41
87
164
197
164
70
150
33
51
157
175
31
144
196
86
129
17
189
42
108
204
25
126
186
17
93
161
128
105
179
128
178
209
140
187
194
179
163
25
192
153
61
32
163
206
21
141
134
35
44
204
78
27
133
149
95
148
70
131
21
194
163
74
168
10
13
125
66
128
48
25
50
173
130
73
19
104
110
70
30
144
145
83
99
43
36
99
63
142
111
135
135
122
159
144
99
143
55
189
174
48
194
114
82
122
56
101
208
74
70
46
93
106
56
74
208
112
74
132
159
116
12
137
146
67
115
46
191
124
108
104
44
87
44
32
52
45
11
129
48
32
184
103
151
48
157
174
128
118
26
52
188
81
207
52
185
162
139
128
176
70
154
66
96
121
140
47
36
185
