31
1000
100
66
68
19
174
164
52
58
173
176
61
36
181
112
63
189
98
28
95
116
29
75
193
100
154
61
128
142
25
172
175
180
176
88
163
152
145
81
79
187
205
199
19
34
101
118
155
75
96
142
95
45
182
166
28
205
31
112
62
29
17
176
120
71
149
166
114
71
101
155
117
86
28
183
63
51
169
89
86
124
42
201
26
26
137
47
147
106
117
110
59
96
184
155
66
174
208
151
29
19
13
84
114
54
62
117
51
89
200
141
140
75
204
89
203
182
43
122
131
199
80
43
204
131
163
97
26
118
14
72
40
111
117
186
10
160
167
170
140
202
67
111
187
61
89
188
141
132
111
36
23
63
20
75
43
146
180
47
28
35
113
141
40
185
50
24
192
104
187
77
111
192
208
178
141
189
167
181
175
10
169
192
100
191
109
17
78
137
202
104
139
208
38
74
168
132
167
83
105
96
77
104
199
89
187
98
86
144
168
135
154
155
30
138
158
202
55
131
64
124
142
49
60
130
153
83
12
19
169
206
161
191
195
16
104
16
199
124
44
66
194
167
67
163
162
191
208
172
45
147
157
168
198
116
115
156
198
123
160
180
59
21
131
135
23
137
110
48
144
187
144
182
103
16
23
181
15
81
87
147
117
77
177
15
38
191
27
123
113
151
160
154
177
12
68
20
159
151
165
15
91
155
177
160
116
64
65
151
84
182
71
200
57
111
105
14
129
190
113
106
93
107
112
145
152
104
39
163
109
150
34
128
11
64
209
141
150
113
100
84
186
10
11
66
206
27
55
169
99
75
81
102
120
43
28
77
20
188
209
80
102
25
56
167
140
167
197
73
143
136
159
104
151
207
32
139
128
111
73
204
201
76
118
98
44
26
145
18
31
84
206
126
71
53
178
87
35
107
177
15
132
33
155
207
135
11
82
199
163
20
10
76
54
204
173
11
71
158
106
148
15
189
209
50
170
22
102
78
187
64
176
123
137
120
45
53
148
33
196
11
139
25
182
187
102
191
177
116
11
137
83
159
176
178
24
63
11
159
183
103
129
26
119
82
57
24
90
110
21
134
139
42
188
137
49
151
30
138
64
50
182
208
136
127
157
183
100
57
200
94
18
190
72
174
202
72
98
87
36
38
139
13
130
73
58
199
175
18
50
64
132
145
170
54
197
80
90
120
172
94
180
69
17
143
205
143
60
192
167
63
137
129
172
138
119
148
121
40
69
33
108
117
97
140
196
17
151
102
92
162
66
207
19
97
74
62
155
58
50
63
123
108
172
75
156
97
20
182
196
176
142
169
58
158
188
183
96
67
80
141
14
136
195
147
24
54
175
191
86
41
31
24
180
188
57
152
205
78
173
75
65
171
101
44
48
29
193
95
98
49
166
49
140
182
58
19
97
183
190
158
115
194
208
128
140
121
61
180
94
30
55
200
130
204
32
48
65
160
180
32
21
174
204
102
75
32
140
198
32
18
162
151
77
32
129
27
176
128
154
147
88
196
150
73
149
200
27
15
121
11
192
109
207
144
174
192
95
99
61
182
202
25
32
46
40
176
78
195
68
77
70
162
177
189
150
185
132
51
168
15
29
32
202
27
195
17
168
140
170
42
112
183
132
16
10
151
41
181
42
55
164
92
51
115
45
172
186
117
84
161
132
171
112
45
29
101
12
110
78
28
75
130
74
158
48
181
125
166
148
67
66
177
164
41
143
75
166
93
63
72
209
134
20
94
71
109
102
151
112
91
45
37
147
141
87
166
195
35
78
63
52
38
25
93
72
87
85
95
51
180
160
142
191
77
163
126
77
77
49
87
185
148
159
108
192
209
18
68
161
37
128
159
53
67
204
144
60
195
58
185
101
69
90
133
162
155
52
14
14
32
145
206
52
12
34
171
149
161
40
20
61
184
63
136
43
204
15
110
12
177
200
134
42
173
169
70
182
156
109
154
63
50
100
195
149
56
73
95
183
34
85
177
101
56
23
95
11
200
190
146
35
84
165
51
94
47
105
40
158
107
26
77
27
23
179
184
176
188
200
21
41
142
132
72
28
56
60
192
185
120
20
208
87
122
19
130
60
24
45
125
72
54
173
149
47
35
37
105
209
28
108
127
200
91
58
92
69
37
19
136
176
202
157
13
74
37
136
105
136
42
178
97
54
87
108
197
206
195
68
163
100
124
47
35
167
69
19
65
30
140
198
137
156
169
111
53
177
74
111
74
119
123
11
161
126
43
81
121
132
42
29
49
205
151
95
35
18
30
106
76
